488
489
490
491
492
493
494
496
497
499
500
501
502
503
504
505
506
507
508
513
519
521
522
523
525
527
528
530
534
536
562
563
564
565
566
567
568
569
571
572
574
585
586
587
588
589
595
600
602
649
651
655
656
657
658
659
660
662
663
664
665
667
668
669
675
676
678
679
680
686
687
689
707
709
712
713
715
719
721
722
727
731
735
737
760
761
762
764
766
770
774
775
776
777
778
779
780
783
788
795
796
797
799
800
801
802
804
805
806
808
817
819
824
825
834
835
836
837
838
840
841
842
843
844
845
846
847
848
849
850
851
852
853
854
855
856
857
859
860
861
862
863
864
865
866
867
868
870
873
874
879
880
882
885
886
892
896
898
899
919
920
922
923
925
928
929
930
931
934
936
938
939
1090
1093
1094
1095
1100
1101
1105
1115
1121
1126
1130
1131
1135
1154
1155
1158
1159
1160
1164
1165
1172
1173
1174
1178
1179
1181
1182
1187
1190
1192
1203
1204
1205
1207
1208
1212
1214
1217
1218
1222
1223
1225
1230
1232
1233
1234
1235
1239
1240
1241
1242
1244
1247
1248
1249
1250
1251
1255
1256
1257
1258
1262
1264
1265
1266
1267
1269
1270
1271
1272
1274
1281
1285
1287
1288
1291
1293
1294
1295
1296
1297
1298
1299
1300
1302
1304
1305
1307
1309
1313
1314
1315
1319
1321
1322
1323
1324
1325
1326
1327
1329
1330
1331
1332
1333
1334
1335
1336
1337
1338
1339
1340
1342
1343
1344
1350
1351
1352
1353
1354
1360
1361
1362
1366
1368
1369
1370
1371
1373
1374
1376
1377
1380
1386
1392
1398
1399
1400
1402
1403
1404
1405
1406
1407
1408
1409
1410
1412
1414
1425
1428
1429
1430
1431
1432
1433
1434
1435
1436
1437
1438
1439
1440
1441
1442
1443
1445
1449
1459
1484
1485
1486
1488
1490
1491
1493
1495
1496
1497
1498
1499
1500
1501
1526
1527
1528
1529
1530
1531
1532
1533
1534
1535
1536
1537
1538
1546
1548
1549
1553
1558
1559
1561
1562
1658
1659
1661
1663
1668
1669
1670
1671
1673
1674
1675
1676
1677
1681
1683
1684
1685
1690
1691
1694
1703
1704
1705
1706
1707
1708
1709
1710
1711
1712
1713
1714
1715
1718
1721
1726
1727
1729
1734
1735
1736
1737
1738
1739
1746
1747
1748
1749
1750
1752
1753
1759
1760
1761
1762
1763
1764
1765
1766
1767
1768
1769
1770
1771
1772
1773
1774
1775
1776
1777
1872
1873
1875
1876
1877
1886
1891
1892
1893
1894
1895
1904
1907
1909
1910
1912
1913
1914
1916
1919
1923
1924
1926
1928
1929
1930
1933
1934
1935
1936
1937
1938
1939
1940
1945
1947
1948
1950
1951
1952
1953
1954
1955
1956
1957
1958
1960
1962
1965
1966
1972
1973
1974
1979
1980
1981
1982
1983
1989
1991
1993
1996
1998
2001
2004
2005
2007
2010
2024
2025
2026
2028
2029
2030
2031
2035
2037
2039
2040
2041
2042
2043
2049
2050
2053
2054
2055
2056
2062
2066
2067
2068
2069
2075
2081
2084
2085
2087
2102
2105
2110
2111
2112
2113
2114
2115
2116
2122
2123
2124
2127
2128
2130
2131
2132
2134
2135
2136
2137
2138
2165
2166
2167
2169
2172
2173
2174
2177
2180
2181
2182
2185
2186
2188
2189
2190
2193
2194
2195
2196
2197
2205
2209
2216
2222
2223
2224
2225
2226
2228
2229
2230
2231
2232
2234
2235
2236
2237
2238
2240
2243
2247
2248
2250
2251
2253
2254
2259
2261
2262
2264
2265
2266
2267
2268
2280
2284
2285
2286
2288
2289
2290
2291
2294
2296
2298
2299
2309
2311
2312
2313
2319
2323
2328
2329
2333
2334
2335
2337
2338
2339
2341
2342
2347
2348
2349
2360
2361
2362
2363
2367
2374
2375
2376
2377
2378
2379
2382
2385
2386
2395
2400
2401
2402
2407
2412
2417
2419
2420
2421
2422
2423
2424
2425
2426
2427
2428
2430
2431
2432
2437
2439
2440
2441
2442
2443
2444
2448
2450
2451
2452
2453
2454
2455
2456
2457
2458
2459
2460
2461
2462
2464
2465
2466
2467
2468
2469
2472
2474
2479
2483
2492
2497
2503
2504
2505
2510
2511
2514
2519
2520
2521
2522
2523
2524
2525
2527
2529
2530
2531
2532
2533
2534
2535
2536
2538
2539
2540
2541
2542
2543
2544
2545
2546
2547
2548
2549
2550
2551
2555
2556
2557
2558
2559
2560
2562
2563
2564
2565
2566
2567
2568
2569
2572
2573
2575
2576
2577
2579
2580
2581
2582
2583
2584
2585
2587
2588
2589
2590
2591
2592
2593
2594
2595
2596
2597
2598
2601
2602
2603
2604
2605
2606
2607
2608
2609
2610
2611
2612
2613
2614
2615
2616
2617
2618
2619
2620
2621
2622
2623
2624
2625
2626
2628
2629
2630
2631
2632
2633
2634
2635
2636
2637
2638
2639
2640
2641
2642
2643
2644
2645
2646
2647
2648
2649
2650
2651
2652
2653
2654
2655
2656
2657
2659
2660
2661
2663
2664
2666
2667
2668
2669
2670
2671
2672
2673
2674
2675
2676
2677
2678
2679
2680
2681
2682
2683
2684
2685
2689
2692
2693
2696
2697
2700
2701
2702
2703
2704
2705
2706
2707
2708
2709
2710
2711
2712
2713
2714
2715
2716
2717
2718
2719
2720
2721
2722
2723
2724
2725
2726
2727
2729
2730
2731
2734
2736
2738
2741
2743
2745
2747
2751
2756
2759
2760
2761
2762
2763
2764
2768
2769
2770
2771
2773
2777
2778
2779
2780
2781
2782
2783
2784
2785
2786
2787
2789
2790
2791
2793
2802
2803
2807
2812
2816
2817
2821
2824
2828
2830
2831
2834
2835
2836
2842
2847
2850
2856
2861
2867
2870
2872
2874
2875
2880
2881
2882
2883
2884
2885
2886
2887
2889
2893
2898
2900
2903
2912
2916
2919
2924
2926
2929
2930
2931
2932
2933
2934
2936
2937
2938
2939
2940
2941
2942
2943
2944
2945
2946
2947
2948
2949
2951
2952
2953
2956
2959
2960
2961
2963
2964
2965
2967
2968
2969
2970
2971
2972
2973
2974
2975
2976
2977
2978
2979
2980
2981
2982
2983
2984
2985
2986
2988
2992
2996
3001
3004
3010
3012
3014
3023
3035
3039
3044
3049
3052
3053
3058
3059
3060
3061
3066
3070
3072
3076
3077
3081
3085
3087
3090
3091
3092
3100
3101
3103
3104
3105
3107
3108
3109
3110
3113
3116
3125
3129
3130
3131
3132
3133
3134
3137
3143
3148
3153
3157
3158
3162
3163
3166
3168
3173
3174
3177
3181
3182
3188
3190
3193
3194
3199
3204
3207
3213
3219
3222
3227
3232
3233
3238
3243
3244
3245
3246
3247
3248
3249
3250
3251
3252
3253
3254
3255
3258
3259
3262
3264
3266
3267
3270
3272
3277
3282
3283
3286
3290
3291
3292
3298
3305
3312
3315
3316
3318
3319
3320
3326
3330
3336
3337
3340
3350
3351
3354
3366
3368
3370
3371
3372
3373
3374
3383
3388
3389
3393
3394
3395
3396
3397
3398
3399
3401
3402
3403
3404
3405
3407
3408
3409
3410
3413
3416
3417
3418
3423
3434
3439
3441
3444
3446
3447
3452
3454
3456
3457
3458
3459
3460
3461
3463
3466
3467
3468
3469
3470
3471
3472
3473
3474
3476
3478
3480
3481
3482
3483
3484
3485
3486
3487
3488
3491
3493
3495
3496
3497
3498
3499
3500
3501
3502
3503
3505
3506
3507
3508
3510
3511
3512
3513
3515
3517
3518
3519
3521
3522
3523
3524
3525
3526
3527
3528
3529
3531
3532
3533
3534
3535
3539
3543
3544
3545
3546
3547
3548
3549
3550
3551
3552
3554
3556
3557
3558
3559
3560
3561
3562
3563
3564
3566
3568
3574
3575
3577
3578
3579
3580
3582
3583
3585
3586
3587
3588
3590
3591
3594
3597
3598
3599
3600
3601
3602
3603
3604
3605
3606
3607
3609
3610
3611
3612
3613
3614
3615
3616
3617
3618
3619
3620
3621
3622
3626
3629
3635
3636
3637
3638
3639
3640
3641
3642
3643
3644
3645
3646
3648
3651
3653
3654
3655
3656
3657
3658
3660
3662
3664
3665
3668
3669
3670
3671
3672
3673
3674
3675
3676
3678
3679
3680
3681
3682
3683
3684
3686
3687
3688
3689
3690
3691
3694
3695
3696
3697
3698
3699
3700
3701
3702
3703
3704
3705
3711
3712
3713
3714
3715
3716
3717
3721
3722
3723
3725
3726
3727
3728
3729
3731
3732
3733
3734
3735
3736
3737
3739
3740
3742
3743
3744
3746
3747
3748
3749
3750
3751
3752
3753
3754
3755
3756
3757
3758
3759
3760
3761
3763
3764
3765
3766
3767
3768
3769
3770
3771
3773
3774
3775
3776
3777
3778
3779
3780
3782
3783
3784
3787
3788
3789
3790
3792
3793
3794
3795
3796
3797
3798
3799
3800
3801
3802
3803
3804
3805
3806
3807
3808
3809
3810
3811
3812
3813
3814
3815
3816
3817
3818
3819
3820
3821
3822
3823
3824
3825
3826
3827
3828
3829
3832
3833
3834
3835
3836
3837
3838
3839
3840
3841
3842
3843
3844
3845
3846
3847
3851
3852
3853
3855
3856
3857
3858
3859
3860
3861
3862
3863
3864
3865
3866
3867
3868
3869
3870
3871
3872
3873
3874
3875
3876
3877
3878
3879
3880
3881
3882
3883
3884
3885
3886
3887
3889
3890
3891
3892
3893
3894
3896
3897
3898
3899
3901
3902
3904
3905
3911
3912
3914
3917
3918
3919
3920
3921
3931
3932
3935
3938
3940
3942
3948
3949
3950
3951
3952
3953
3954
3955
3956
3958
3959
3960
3961
3962
3963
3964
3965
3966
3967
3968
3969
3970
3971
3973
3974
3976
3977
3978
3979
3981
3982
3983
3984
3986
3987
3989
3990
3991
3998
3999
4000
4001
4007
4008
4009
4010
4011
4012
4013
4014
4015
4016
4017
4018
4019
4020
4021
4022
4023
4024
4025
4027
4029
4030
4031
4032
4033
4034
4035
4036
4037
4038
4039
4040
4041
4042
4043
4045
4046
4047
4048
4049
4050
4052
4053
4054
4056
4058
4059
4060
4061
4062
4063
4064
4065
4066
4067
4068
4069
4070
4071
4072
4073
4074
4075
4076
4077
4078
4079
4082
4083
4084
4085
4086
4087
4088
4089
4090
4091
4092
4093
4094
4095
4098
4100
4101
4102
4103
4104
4105
4106
4107
4108
4109
4110
4111
4112
4113
4114
4116
4118
4119
4120
4121
4122
4123
4132
4133
4142
4143
4144
4145
4146
4147
4148
4149
4150
4152
4153
4161
4162
4164
4165
4169
4170
4171
4172
4173
4176
4178
4179
4180
4181
4183
4184
4185
4186
4187
4188
4191
4192
4193
4194
4195
4196
4197
4198
4203
4204
4205
4206
4208
4209
4211
4213
4215
4216
4217
4218
4219
4220
4221
4222
4224
4225
4226
4227
4228
4229
4232
4233
4234
4235
4236
4237
4238
4239
4241
4242
4243
4244
4245
4246
4247
4248
4249
4251
4253
4254
4255
4258
4259
4262
4263
4264
4265
4266
4267
4268
4269
4272
4273
4274
4275
4276
4277
4278
4279
4280
4281
4282
4283
4286
4287
4288
4289
4290
4291
4292
4293
4294
4295
4296
4297
4298
4299
4300
4301
4302
4303
4304
4305
4308
4309
4310
4311
4312
4313
4314
4315
4316
4317
4318
4319
4320
4321
4322
4323
4324
4325
4326
4327
4328
4329
4330
4331
4332
4335
4338
4340
4342
4343
4345
4346
4347
4348
4349
4350
4351
4352
4353
4354
4355
4356
4357
4358
4359
4360
4362
4363
4364
4365
4366
4367
4368
4369
4370
4373
4374
4383
4384
4385
4386
4387
4388
4389
4390
4392
4395
4401
4404
4405
4408
4409
4410
4411
4414
4415
4417
4419
4420
4421
4422
4423
4425
4426
4428
